# TelcoSec Academy - https://app.telcosec.net/

100
101
102
103
104
105
106
107
108
109
110
120
150
200
201
202
203
204
205
206
207
208
209
210
220
250
300
301
302
303
304
305
306
307
308
309
310
320
350
400
401
402
403
404
405
406
407
408
409
410
420
450
500
501
502
503
504
505
506
507
508
509
510
520
550
600
601
602
603
604
605
606
607
608
609
610
620
650
700
701
702
703
704
705
706
707
708
709
710
720
750
800
801
802
803
804
805
806
807
808
809
810
820
850
900
901
902
903
904
905
906
907
908
909
910
920
950
1000
1001
1002
1003
1004
1005
1006
1007
1008
1009
1010
1100
1111
1200
1234
1300
1400
1500
1600
1700
1800
1900
2000
2001
2002
2003
2004
2005
2006
2007
2008
2009
2010
2200
2222
2300
2400
2500
2600
2700
2800
2900
3000
3001
3002
3003
3004
3005
3006
3007
3008
3009
3010
3300
3333
3400
3500
3600
3700
3800
3900
4000
4001
4002
4003
4004
4005
4006
4007
4008
4009
4010
4400
4444
4500
4600
4700
4800
4900
5000
5001
5002
5003
5004
5005
5006
5007
5008
5009
5010
5500
5555
5600
5700
5800
5900
6000
6001
6002
6003
6004
6005
6006
6007
6008
6009
6010
6600
6666
6700
6800
6900
7000
7001
7002
7003
7004
7005
7006
7007
7008
7009
7010
7700
7777
7800
7900
8000
8001
8002
8003
8004
8005
8006
8007
8008
8009
8010
8800
8888
8900
9000
9001
9002
9003
9004
9005
9006
9007
9008
9009
9010
9900
9999
911
112
999
0
10
20
30
40
50
60
70
80
90
00
99
88
77
66
55
44
33
22
11
01
02
03
04
05
06
07
08
09
000
123
111
222
333
444
555
666
777
888
999
10000
11111
12345
22222
33333
44444
55555
66666
77777
88888
99999
6001
6002
7001
7002
8001
8002
9001
9002
5060
5061
5062
5070
5080
5090
